5522.3322421974 1.9868048293256 1986.8048293256 1 "Sh"
5587.187152432 2.2489267581903 2248.9267581903 1 "Sh"
5862.8205209289 2.1273238015005 2127.3238015005 1 "Sh"
5968.20975006 1.9138430553117 1913.8430553117 1 "Sh"
5838.4999295909 2.4110640337767 2411.0640337767 1 "Sh"
7435.5520941169 2.3624228511008 2362.4228511008 1 "Sh"
6924.8196760197 2.1435375290591 2143.5375290591 1 "Sh"
6608.6519886263 2.0732780429717 2073.2780429717 1 "Sh"
6422.1941217019 2.17326269625 2173.26269625 1 "Sh"
7103.1706791648 1.8868201760473 1886.8201760473 1 "Sh"
7200.4530445166 1.970591101767 1970.591101767 1 "Sh"
6965.3539949163 1.9678888138405 1967.8888138405 1 "Sh"
7459.8726854548 1.8003469624013 1800.3469624013 1 "Sh"
5376.4086941697 2.462407504379 2462.407504379 2 "SS"
4849.4625485139 2.4570029285262 2457.0029285262 2 "SS"
5627.7214713286 2.597521900701 2597.521900701 2 "SS"
5271.0194650385 2.7488500245817 2748.8500245817 2 "SS"
5044.0272792176 2.6137356282597 2613.7356282597 2 "SS"
4825.1419571759 2.892071284683 2892.071284683 2 "SS"
5522.3322421974 2.8704529812715 2870.4529812715 2 "SS"
5076.4547343349 2.7623614642139 2762.3614642139 2 "SS"
5279.1263288178 2.6596745230091 2659.6745230091 2 "SS"
